32952.509
32961.664179
31193.339856
32359.879082
32940.426643
32262.383172
33008.439035
32735.152009
33225.138523
32945.87063
32995.693337
32624.297522
32302.91278
33002.511037
33003.478395
32927.202158
32662.639739
31918.657349
33188.231874
31990.441935
32764.180747
32873.585495
32642.98583
31469.190663
32455.044801
32786.928844
32195.523175
33166.425585
32875.959481
32891.063654
33083.099067
32573.533541
32544.728699
33570.245252
33029.566279
32810.018352
32923.94088
32740.763784
33111.729827
33584.106206
32863.325811
32355.860072
33033.796189
33034.346146
32758.247297
32784.713126
32732.87206
33262.455046
32751.651061
33026.429756
32756.052177
32999.012525
32550.554651
33567.71817
32873.43231
32997.27049
32962.858621
33042.538819
33109.914497
32952.75468
32915.673414
32297.931507
31549.813494
32832.660368
32785.278106
32916.134418
32991.326366
32997.343414
33047.350529
31870.775047
32274.688675
32469.501349
32895.949512
32569.840103
32692.98899
32851.864703
32170.462924
32802.769406
32838.475043
32987.693762
32391.879212
32152.005333
33142.434847
32053.095834
32940.053418
32972.327674
32726.750949
32921.465894
32701.533056
32702.453101
32430.041838
32530.518662
32403.606685
32554.08504
32945.607468
32683.49324
32153.053939
32463.303769
31969.39241
32858.89126
