30952.723483
31995.706848
31671.584817
32499.409857
30830.232258
32330.728113
32609.685748
32385.887975
31629.280224
32489.166929
32033.398333
31843.407453
31909.826653
32104.037866
32209.65947
32282.089151
32368.02179
32344.968264
31426.80637
31946.349421
32065.653173
31645.097266
32275.09641
31287.659959
30504.619908
32044.895032
30878.213448
32148.12291
30927.502962
32473.60139
32225.506633
32078.896698
31499.247072
32489.282965
32471.855794
32074.001606
32364.738888
32244.858055
32295.303288
31712.320983
32248.682119
31771.527756
32349.729239
32269.015014
31912.967551
31904.533312
31074.186821
31632.890331
32177.084463
32307.835078
32317.968379
31925.323595
32265.93167
31782.081352
32167.132582
32279.452233
31835.101544
31963.279521
32384.539944
31110.767366
32050.272088
31919.11559
31825.713973
31694.298825
32208.833254
32410.968855
31689.296578
32514.480025
32373.206748
30761.288528
32627.920214
32002.018515
32606.188546
32181.617648
32269.331587
32198.863856
32598.626124
31657.144163
32035.458244
32008.808279
32063.012778
32512.009967
32306.019842
31357.934177
32341.452013
31383.467467
32232.43918
32532.47368
32503.445262
31446.664905
32223.995416
31590.054382
31508.149055
32030.448299
32193.428049
31846.32403
31969.564527
31562.194232
31477.636331
