31827.040175
32464.975338
32092.361318
30460.511884
32932.337693
32742.562834
32920.363773
31722.35631
30541.489701
32525.874199
32764.325164
32650.172528
32367.939882
32331.001523
29583.689936
31980.982829
33013.317328
32094.100936
32322.757535
32241.654694
32420.598056
31666.747921
32480.652659
32426.489836
33083.103046
30717.315993
32034.952715
32813.3303
31510.434391
32041.561239
31748.425457
31035.014929
31023.170795
31610.354999
31044.372629
31475.92844
30726.642641
32431.540327
31535.658592
31925.129115
32685.903506
32856.483793
31880.033533
32481.001281
31314.701559
32810.145778
31792.945041
29756.017078
31944.646351
32254.361571
32872.216222
32338.540893
32182.975716
32318.583202
31652.764293
31703.062156
32846.294941
31351.870304
32491.668691
31993.033428
31521.427284
31944.163732
32828.284032
32539.454435
32205.35868
31889.076543
32174.423486
32107.403716
31499.136104
31373.811913
32126.941223
31641.993827
31590.707248
32507.694226
32390.88216
32592.412575
32224.089043
31978.07918
32484.733156
32214.488721
32205.568493
32001.03914
32335.964609
32503.5646
32778.099601
32689.956691
32293.407439
32249.773705
32696.068954
31251.098718
32669.022241
32790.783649
32337.210051
32602.556886
31901.819345
31867.962572
32488.039479
32409.932857
32668.235211
32551.984526
