32403.610938
32098.553664
32209.326963
31248.417568
32048.916772
31680.359831
31895.263583
32070.447034
32158.257021
31716.985062
31693.858415
31937.870451
31313.392817
31972.053823
32319.036067
31771.448999
32382.3757
32233.5637
32207.513992
32123.005477
32125.227791
32243.931069
31942.305979
31672.433903
31685.792018
30603.785161
32453.776452
31404.956126
32197.088816
31851.412434
31416.476563
31723.282328
32083.469291
32106.27276
32084.85896
32362.292202
31147.322291
32623.106507
31367.641482
31940.702154
32563.536335
31406.852274
32251.761871
31821.442444
31813.109436
31421.345944
31622.348514
31269.517858
32374.183312
30499.230243
32433.400858
32402.906476
31818.153483
30583.068855
32239.45835
32538.124099
32009.928118
31284.458262
32128.436666
31769.874208
32235.757839
30423.702462
32040.898422
32305.799942
32154.297475
31809.52485
32024.298765
32337.000487
31992.693574
31509.921981
32365.323898
32170.125005
31994.606227
32402.703921
31627.975679
32081.216512
31202.228337
31069.415637
31569.543413
32070.06301
32468.071353
32243.089151
32444.222802
31735.403244
32402.534559
32809.274263
32566.0748
32285.819423
32759.516356
32021.145638
31808.665295
32113.1082
31559.633757
32782.439746
32146.878899
32698.390907
32600.992159
30999.892555
32256.2102
32028.00275
