35780.333125
35564.219907
35682.192252
35659.53061
35153.399668
34628.109663
35511.524179
35299.620672
35810.289941
35148.05338
22256.816855
20183.974711
35250.559654
34431.841909
34490.029006
35277.70192
35009.809472
35477.442863
35754.909684
34815.846372
34945.494502
35267.116497
18669.863225
22024.000926
20640.133364
36181.937485
35596.049233
35387.102844
34247.433919
35494.489207
34490.065881
35583.549942
34379.180352
34560.863155
35008.615729
35168.270535
34862.872789
35594.636337
35280.827825
34062.348229
35594.93176
35420.883858
35197.048236
34948.064901
35199.058992
34877.770591
35256.783445
35380.910317
35776.149656
35915.425694
34378.76642
34727.610447
35847.72441
35626.101892
34342.792645
34688.9762
35098.900011
35441.901561
34622.090574
34982.336771
35094.115154
34976.436911
34572.981471
34521.307507
34860.416125
30570.526881
30593.84061
30927.313541
30318.818938
30512.228485
33881.656041
32849.438938
34237.871008
32767.322313
33274.599211
33941.400642
34864.533899
32481.292139
35252.987416
35333.544032
34875.638227
34295.094571
35455.356601
35278.400122
35258.208592
34798.018362
35367.992979
34792.932997
32461.1887
35625.652288
35086.990161
35352.554417
35850.573739
35562.698349
35582.368077
35311.69732
35192.771083
35482.671773
18814.469053
18684.195471
