31978.978934
31412.931374
29626.165918
32484.980608
32670.306144
32255.670203
32014.053336
32534.380426
32119.75863
33109.407571
33146.978871
32584.559753
32734.425631
29326.687739
32347.247004
32766.180438
32710.683409
32599.946048
32372.601048
32505.10839
32294.641678
32343.815815
20878.259094
32823.543935
32249.256824
28686.184573
32265.094697
32594.497622
31580.830259
32553.079886
31936.904906
31611.82862
32466.273564
30841.501191
32352.338961
32104.275305
31688.115232
31700.106252
32275.129759
31510.473888
32658.043158
31215.7441
32689.154874
31026.834551
32706.21162
31847.649082
32300.425865
31344.071616
32419.507948
32347.271329
31316.461593
31954.69826
31995.503308
31868.900089
32245.620668
31922.75406
32422.47821
32453.618398
31818.118813
32100.253487
32426.899721
32104.066627
32091.886321
32428.86236
31746.699626
31542.332216
31540.398536
31641.852075
16335.184705
31669.950139
32912.432074
32620.802368
32359.366664
32769.323359
31624.43542
31334.371867
32541.410253
30756.811704
32431.8239
31365.897311
31590.329005
32793.226198
32298.092827
32828.397022
33212.218977
32804.204508
32182.577844
32411.704294
31558.345803
33053.399683
32827.809266
31126.780895
31905.4182
31552.301968
32702.421174
31212.909538
31261.801033
32694.402437
32316.72969
32756.35843
32522.431623
32584.445723
31523.319239
30819.897467
31729.644819
32659.05156
31808.314878
31604.137664
32786.410194
32572.04547
32177.634597
31951.167858
31609.124663
16585.041109
31690.269268
31872.676034
32717.611347
31987.896246
32666.072743
32588.716456
31833.156421
32126.86782
31411.235971
31185.712273
31902.93941
32590.13771
32433.891836
31550.908765
32366.519705
31843.237367
32730.134399
32236.519936
32265.920541
28297.706359
32223.526838
31634.450859
30951.255576
32063.445189
32316.053729
32233.882705
32124.004176
32196.676231
32648.541331
31095.232264
32374.188522
32519.347628
31714.591333
28108.000175
32131.622076
32112.439892
31602.086161
32223.328722
31594.149228
32297.884037
31461.711446
31868.880501
31265.663469
32395.467786
31643.294744
31273.429729
32702.040722
31616.609101
32720.940259
30972.978615
32865.682987
31449.106593
32316.985067
32438.116688
32087.119345
32165.097584
31863.623095
31995.377427
31981.393671
32071.963627
32104.283228
32414.321006
31951.046376
32602.501517
32482.6704
32850.686867
31675.79816
31889.434556
32618.642668
31955.982773
32515.284614
32263.735082
31789.570344
31386.282615
32280.991139
31633.442364
32877.006109
31641.07989
30749.732745
32689.568054
31693.865106
31867.963406
32207.19099
32550.214151
31496.163331
32705.643052
32114.759935
32662.002973
31479.837984
31739.73344
32500.805224
32083.309214
32881.391986
31600.542815
32751.812025
32289.139967
32606.025402
30870.304343
32054.165918
19568.250119
31519.625546
32434.898363
31786.273921
32438.887256
32481.088464
31951.320728
31193.384998
32014.922025
32394.80637
33227.021794
32026.539449
28578.091409
32828.681132
33220.23057
32212.150582
31959.437308
33099.98627
32577.649083
32611.562756
32401.357232
19792.450459
31976.275996
27673.813414
31835.430224
32828.314726
31752.900009
31821.130031
31952.896872
32592.986688
31105.598719
32415.53446
32012.51602
32002.781166
28950.860905
31780.631272
32154.191525
31359.995504
32109.169073
32281.146116
32145.405608
32309.856831
31454.340989
31972.196398
32213.521444
28572.219242
32029.656189
32217.641559
30487.025978
31876.127305
32370.722724
31851.186625
32285.78692
32027.348353
32072.626274
31490.044757
21193.429474
32060.064203
32063.393139
31705.749144
31946.139478
31931.490145
32116.891864
32108.880535
32201.18564
31586.775766
32483.141236
29151.505605
31535.015836
32670.437273
31931.893327
31910.444485
31860.967339
32361.7446
31727.55028
31653.383256
31139.522591
31749.415254
28274.45755
32243.729733
31347.784372
31514.969715
32147.351256
31481.255128
31553.204352
32312.912742
31961.981347
